6
10
2 43 32 43 19 48 12 40 39 77 26 64 28 69 29 31 32 35 9 13 
5
29
57
19
62
14

25
50 119 117 121 114 187 6 107 19 132 3 73 15 103 79 153 18 61 117 179 81 198 32 140 36 58 95 96 39 100 31 100 16 131 29 129 119 169 58 180 23 78 10 113 103 216 44 157 28 82 
25
117
231
168
139
195
172
184
150
201
182
73
102
28
70
48
115
192
121
113
115
166
7
121
51
207

50
1 500 500 500 240 469 116 179 42 255 150 160 245 374 43 62 2 30 199 201 207 433 146 390 175 285 60 228 137 288 111 144 28 182 170 308 88 181 218 345 97 253 238 420 138 167 151 395 1 218 53 117 182 368 35 254 41 213 166 341 200 410 210 356 3 76 51 102 208 393 199 396 28 30 177 379 54 134 120 294 130 317 199 369 249 460 224 256 202 439 247 250 6 114 6 210 241 362 193 284 
50
102
496
359
245
405
176
69
227
111
466
35
442
432
162
221
493
459
76
111
47
157
291
304
115
296
234
341
333
238
59
317
126
237
398
474
409
435
285
285
312
232
316
218
354
348
398
223
114
419
412

15
130 130 118 118 43 43 52 250 59 65 136 228 120 181 37 104 111 211 105 220 43 106 79 89 29 56 133 221 186 361 
8
130
314
398
280
218
220
102
43

20
1 19 51 209 166 228 216 314 177 319 227 359 46 157 96 278 90 251 140 325 92 201 142 300 55 75 105 237 158 272 208 336 157 339 207 369 8 139 58 269 
15
324
162
393
118
13
52
217
228
97
141
143
106
209
208
59

15
265 354 38 265 31 218 167 348 178 248 95 117 132 229 145 293 113 304 12 54 109 152 104 199 13 72 76 177 92 234 
8
265
276
47
377
71
220
325
366

