35

9
72 2 36 63 58 76 46 34 39 
24 19 50 5 59 29 69 26 54 
27 28 17 30 65 10 53 31 40 
33 81 14 73 49 23 75 78 48 
16 74 44 61 18 15 60 51 55 
3 7 22 68 71 52 12 20 37 
4 64 21 8 66 38 47 43 11 
13 42 45 67 62 32 1 9 79 
6 35 41 80 56 77 25 70 57 
5
5 4 22 17 7 
23 21 15 11 6 
12 1 25 16 2 
24 13 14 20 10 
18 9 19 3 8 
7
14 24 9 44 37 43 23 
36 6 20 1 46 26 16 
34 5 39 29 49 32 47 
25 3 4 40 15 7 13 
8 22 42 35 41 10 28 
2 19 48 18 11 17 38 
21 30 45 12 33 27 31 
10
1 73 85 87 36 60 94 82 62 70 
58 97 100 14 51 34 22 55 74 57 
7 66 31 10 15 81 47 92 79 59 
18 84 44 63 48 99 65 17 3 21 
33 28 6 61 67 4 91 38 64 72 
5 29 95 45 86 25 20 43 69 77 
39 30 80 83 12 93 27 56 88 52 
2 98 19 78 35 9 42 13 89 26 
11 32 96 68 76 41 75 50 46 71 
49 40 37 23 53 8 24 90 16 54 
8
31 12 24 17 15 46 22 34 
45 40 2 49 16 28 14 19 
36 1 4 61 11 41 27 33 
6 47 48 42 56 37 55 3 
25 59 63 18 20 35 53 50 
51 52 62 29 30 21 57 38 
58 7 9 23 32 8 5 64 
54 44 39 13 26 10 43 60 
1
1 
3
5 4 8 
3 2 1 
9 6 7 
9
59 33 8 57 21 45 68 3 63 
24 61 17 76 64 31 38 81 52 
1 69 22 74 41 16 13 44 15 
72 23 14 39 36 48 40 26 2 
73 10 49 60 6 66 27 77 29 
18 54 70 11 65 12 9 35 28 
46 53 47 30 37 67 32 58 75 
20 7 43 42 50 34 4 19 55 
5 62 78 71 79 51 25 56 80 
5
6 7 8 9 10 
11 12 13 14 15 
16 17 18 19 20 
21 22 23 24 25 
1 2 3 4 5 
10
31 39 68 51 35 74 18 26 73 21 
15 10 70 2 40 16 71 3 56 92 
23 88 13 62 96 82 41 77 75 7 
83 54 59 17 72 87 45 64 52 67 
8 90 24 97 85 46 9 29 98 80 
4 84 1 89 94 14 11 69 20 65 
95 78 19 60 50 5 66 49 28 48 
100 55 36 37 91 53 99 32 86 25 
22 12 43 58 34 38 63 93 57 6 
47 81 76 61 33 42 44 27 30 79 
7
22 31 47 16 26 45 24 
10 3 43 39 5 48 46 
32 18 12 44 8 41 33 
4 21 28 25 7 9 23 
14 11 40 20 30 6 29 
1 36 15 13 37 27 38 
2 35 34 17 19 49 42 
1
1 
4
7 6 13 16 
14 8 12 10 
11 9 5 2 
1 4 15 3 
4
11 12 13 14 
15 16 1 2 
3 4 5 6 
7 8 9 10 
2
4 1 
3 2 
8
26 55 22 47 53 62 24 30 
5 19 25 37 52 64 21 50 
12 1 35 11 27 57 14 34 
41 61 4 43 54 56 49 3 
59 33 13 58 32 63 36 15 
39 48 6 8 2 60 40 9 
31 7 44 23 18 51 28 17 
45 29 46 16 42 10 20 38 
10
67 35 8 53 38 48 95 78 91 100 
24 75 60 66 27 36 70 37 39 44 
56 97 87 83 1 51 74 80 17 59 
73 79 33 90 49 84 81 89 31 34 
4 43 12 64 10 2 22 32 46 72 
57 94 47 41 23 29 13 42 28 9 
21 11 58 19 68 93 7 92 3 77 
71 62 6 82 20 30 63 55 5 65 
96 86 50 69 40 88 52 16 26 54 
85 15 25 76 99 61 14 98 45 18 
3
7 9 5 
8 4 1 
6 2 3 
4
3 4 5 6 
7 8 9 10 
11 12 13 14 
15 16 1 2 
6
36 28 23 8 17 2 
16 19 29 18 21 4 
27 31 9 15 30 34 
35 13 11 3 12 10 
32 25 6 24 22 20 
33 26 14 1 5 7 
9
19 32 63 36 20 15 80 18 30 
29 37 44 51 33 22 69 55 57 
17 3 77 54 14 12 56 42 70 
40 11 35 8 25 4 43 23 39 
16 13 45 66 81 59 67 28 27 
6 41 26 74 65 61 79 73 75 
34 58 47 53 2 9 10 72 21 
68 48 46 24 49 31 60 64 52 
76 71 7 50 1 38 62 78 5 
9
68 69 70 71 72 73 74 75 76 
77 78 79 80 81 1 2 3 4 
5 6 7 8 9 10 11 12 13 
14 15 16 17 18 19 20 21 22 
23 24 25 26 27 28 29 30 31 
32 33 34 35 36 37 38 39 40 
41 42 43 44 45 46 47 48 49 
50 51 52 53 54 55 56 57 58 
59 60 61 62 63 64 65 66 67 
7
37 38 19 10 21 15 20 
43 39 16 46 30 48 34 
29 42 35 5 18 4 13 
14 11 26 3 17 2 27 
25 23 24 1 7 31 32 
36 22 45 12 40 28 6 
49 8 47 9 41 33 44 
6
32 5 34 20 7 23 
21 8 4 10 18 26 
3 15 22 14 1 31 
36 24 35 19 13 33 
6 16 9 28 11 27 
12 30 17 29 25 2 
2
2 3 
4 1 
5
9 12 25 6 8 
4 13 18 17 2 
21 22 10 15 3 
14 16 19 7 23 
5 20 24 1 11 
3
1 2 3 
4 5 6 
7 8 9 
6
35 13 30 34 18 17 
15 23 9 27 28 31 
3 1 20 29 14 6 
2 11 10 16 12 5 
25 24 7 4 32 26 
19 22 8 33 36 21 
2
3 4 
1 2 
6
28 29 30 31 32 33 
34 35 36 1 2 3 
4 5 6 7 8 9 
10 11 12 13 14 15 
16 17 18 19 20 21 
22 23 24 25 26 27 
4
6 2 16 4 
9 12 7 11 
15 10 5 3 
13 14 1 8 
1
1 
6
6 7 8 9 10 11 
12 13 14 15 16 17 
18 19 20 21 22 23 
24 25 26 27 28 29 
30 31 32 33 34 35 
36 1 2 3 4 5 
3
9 7 2 
4 5 3 
1 8 6 
3
1 4 6 
2 5 8 
3 9 7 
